Comment line 1Comment line 2Comment line 3Comment line 4Comment line 5Comment line 6Comment line 7458e084fdd6d31ca7b94b9ce914d3c71a4f0bc5942c4b042925d9c8bc58ec5cb 0 0 0 0ce1914958890c52977edf487e8b7844999efc6d86b2f65ae4ddbb6305603849b 0 0 0 0fcb4274acbb3941ba086e3b371f117fb85897e0b2856f3eb545178ad3f688071 0 0 0 0b3d17a35bf503e4606e3a10f8763c1756abec8b00422d088afbe55e203de93c5 0 0 0 0c676493599a02e5a786458e5c7cd61ec3f19ec9350a13c659b3b04b6a4939781 0 0 0 019cd3b45fdc7751c1ab76b7ccdd1013343884916773941665617ebd0caa929ef 0 0 0 0215342c8c06556c1773c517e1dd359362683ae0c41d6e7da530c04ca900fc772 0 0 0 0458e084fdd6d31ca7b94b9ce914d3c71a4f0bc5942c4b042925d9c8bc58ec5cb 0 0 0 0ce1914958890c52977edf487e8b7844999efc6d86b2f65ae4ddbb6305603849b 0 0 0 0fcb4274acbb3941ba086e3b371f117fb85897e0b2856f3eb545178ad3f688071 0 0 0 0b3d17a35bf503e4606e3a10f8763c1756abec8b00422d088afbe55e203de93c5 0 0 0 0c676493599a02e5a786458e5c7cd61ec3f19ec9350a13c659b3b04b6a4939781 0 0 0 019cd3b45fdc7751c1ab76b7ccdd1013343884916773941665617ebd0caa929ef 0 0 0 0215342c8c06556c1773c517e1dd359362683ae0c41d6e7da530c04ca900fc772 0 0 0 0458e084fdd6d31ca7b94b9ce914d3c71a4f0bc5942c4b042925d9c8bc58ec5cb 0 0 0 0
ce1914958890c52977edf487e8b7844999efc6d86b2f65ae4ddbb6305603849b 0 0 0 0
fcb4274acbb3941ba086e3b371f117fb85897e0b2856f3eb545178ad3f688071 0 0 0 0
b3d17a35bf503e4606e3a10f8763c1756abec8b00422d088afbe55e203de93c5 0 0 0 0
c676493599a02e5a786458e5c7cd61ec3f19ec9350a13c659b3b04b6a4939781 0 0 0 0
215342c8c06556c1773c517e1dd359362683ae0c41d6e7da530c04ca900fc772 0 0 0 0
c84859daf083dd2e689bb2510776542ad39d3fee3c397830f6b5e2d84833aed3 0 0 0 0
8850fec91ba702223658a4cdac5e9e931ac7df1252ec85367e349a8a7e7b1907 0 0 0 0
c8bc2aa94b3e8159bc9f03e600e3dea25875bd805205adf4c6727f138d968131 0 0 0 0
06916f7564f83be7de59e87cd471d46a6eec029ce1855ebb5b387996dc4bc351 0 0 0 0
db4e13532d09de1e53f4c61e59b85da906b80e72fa505bd8c997e463496b564c 0 0 0 0
0655c60c287bc2c9669703f600dbc640b80d58ce064900e4947c02afc1082d2e 0 0 0 0
215342c8c06556c1773c517e1dd359362683ae0c41d6e7da530c04ca900fc772 13 13 23937 18954

c84859daf083dd2e689bb2510776542ad39d3fee3c397830f6b5e2d84833aed3 35 20 1068 288

8850fec91ba702223658a4cdac5e9e931ac7df1252ec85367e349a8a7e7b1907 1 1 4417 0

c8bc2aa94b3e8159bc9f03e600e3dea25875bd805205adf4c6727f138d968131 1 1 2391 0

06916f7564f83be7de59e87cd471d46a6eec029ce1855ebb5b387996dc4bc351 4 4 3625 14

db4e13532d09de1e53f4c61e59b85da906b80e72fa505bd8c997e463496b564c 4 4 4142 39

0655c60c287bc2c9669703f600dbc640b80d58ce064900e4947c02afc1082d2e 12 12 701 196

f5f1993520a52cd47ec7e05d344fe2b10e3d8c44d94ebd7e5d4ba50a3e384959 2 2 3737 5
